the byte sequence d0 8a d0 8a d0 8a 00 00
a 32-bit bitfield - 0x00000804 has 6 bytes at the end that 0x00000004 doesn't. (A)
there are 48 bits, all of them zeroes.
there's a 32 bit integer that monotonically increases. (B)
the following 32 bit integers: 0, 1, 1.
B is repeated.
the following 32 bit integers: -1, -1, 1.
24 bits, all of them zeroes.
the 16 bit integer 0x2742 (ASCII B', which looks like "Book"(?))
the following 32 bit integers: 0, 0, -1.
16 bit integer. (C)
32 bit signed integer. (D)
the following 16 bit integer: -1.

16 bit integer. (G)
if G is 0, this is a book and the string H is a title.
if G is 5, this is a slab and the string H is a description.
A will have the 0x800 bit set iff G is 5.

the following 16 bit integers: 0, 0.
32 bit integer. (E)
the following 32 bit integer: -1.
32 bit integer (bitfield). (F)


if F & 2,
	0700 0000 a501 3600 0000 ffff ffff ffff ffff 0000 0000 0000 0000 0000 0600 0000 a501 3600 0000 ffff ffff ffff ffff 0000 0000 0000 0000 0000 ffff ffff ffff ffff ffff 0000 0000 0000 0000 001b
if F & 1,
	0900 0000 2600 8702 0000 e305 0000 ffff ffff 0000 0000 0000 0000 0000 1800 0000 0100 0000 0000 0000
	0900 0000 2600 4a03 0000 e305 0000 ffff ffff 0000 0000 0000 0000 0000 0400 0000 0100 0000 0100 0000
	0900 0000 2500 1a00 0000 e305 0000 ffff ffff 0000 0000 0000 0000 0000 3d00 0000 0100 0000 0200 0000
	0900 0000 2500 0800 0000 e305 0000 ffff ffff 0000 0000 0000 0000 0000 2400 0000 0100 0000 0300 0000
	0900 0000 2400 0c03 0000 e305 0000 ffff ffff 0000 0000 0000 0000 0000 1000 0000 0100 0000 0400 0000
	0900 0000 2600 3202 0000 e50d 0000 ffff ffff 0000 0000 0000 0000 0000 6900 0000 0100 0000 0500 0000
	0900 0000 2600 9d00 0000 e50d 0000 ffff ffff 0000 0000 0000 0000 0000 6600 0000 0100 0000 0600 0000
	0900 0000 2600 ae00 0000 0314 0000 ffff ffff 0000 0000 0000 0000 0000 8400 0000 0100 0000 0700 0000
	0900 0000 2500 b100 0000 0314 0000 ffff ffff 0000 0000 0000 0000 0000 1000 0000 0100 0000 0800 0000
	0900 0000 2500 5a00 0000 9e15 0000 ffff ffff 0000 0000 0000 0000 0000 1500 0000 0100 0000 0900 0000
	0900 0000 2600 ad00 0000 9e15 0000 ffff ffff 0000 0000 0000 0000 0000 1200 0000 0100 0000 0a00 0000
	0900 0000 2600 8902 0000 9e15 0000 ffff ffff 0000 0000 0000 0000 0000 0400 0000 0100 0000 0b00 0000
	0900 0000 2600 6502 0000 6b18 0000 ffff ffff 0000 0000 0000 0000 0000 6e00 0000 0100 0000 0c00 0000
	0900 0000 2600 8902 0000 ae0f 0000 ffff ffff 0000 0000 0000 0000 0000 0d00 0000 0100 0000 0d00 0000
	0900 0000 2600 ae00 0000 0314 0000 ffff ffff 0000 0000 0000 0000 0000 1300 0000 0100 0000 0e00 0000
	0900 0000 2600 2901 0000 4e15 0000 ffff ffff 0000 0000 0000 0000 0000 0400 0000 0100 0000 0f00 0000
	0900 0000 2600 1301 0000 0314 0000 ffff ffff 0000 0000 0000 0000 0000 f700 0000 0100 0000 1000 0000
	0900 0000 2600 a400 0000 4e15 0000 ffff ffff 0000 0000 0000 0000 0000 5501 0000 0100 0000 1100 0000
	0900 0000 2600 0e01 0000 6e0b 0000 ffff ffff 0000 0000 0000 0000 0000 fe00 0000 0100 0000 1200 0000
	0900 0000 2500 5a00 0000 ae0f 0000 ffff ffff 0000 0000 0000 0000 0000 0200 0000 0100 0000 1300 0000
	0900 0000 2500 5503 0000 e305 0000 ffff ffff 0000 0000 0000 0000 0000 1500 0000 0100 0000 1400 0000
	0900 0000 2600 2c02 0000 ae0f 0000 ffff ffff 0000 0000 0000 0000 0000 1d00 0000 0100 0000 1500 0000
	0900 0000 2600 2901 0000 4e15 0000 ffff ffff 0000 0000 0000 0000 0000 b500 0000 0100 0000 1600 0000
	0900 0000 2500 af00 0000 e50d 0000 ffff ffff 0000 0000 0000 0000 0000 1a00 0000 0100 0000 1700 0000
	0900 0000 2300 7701 0000 e305 0000 ffff ffff 0000 0000 0000 0000 0000 1600 0000 0100 0000 1800 0000
	0900 0000 2600 a100 0000 9e15 0000 ffff ffff 0000 0000 0000 0000 0000 1900 0000 0100 0000 1900 0000
	0900 0000 2600 a300 0000 6b18 0000 ffff ffff 0000 0000 0000 0000 0000 0500 0000 0100 0000 1a00 0000
	0900 0000 2600 a300 0000 6b18 0000 ffff ffff 0000 0000 0000 0000 0000 1a01 0000 0100 0000 1b00 0000
	0900 0000 2600 ad00 0000 6b18 0000 ffff ffff 0000 0000 0000 0000 0000 2900 0000 0100 0000 1c00 0000
	0900 0000 2500 6d03 0000 e305 0000 ffff ffff 0000 0000 0000 0000 0000 2800 0000 0100 0000 1d00 0000
	0900 0000 2600 ac00 0000 e50d 0000 ffff ffff 0000 0000 0000 0000 0000 1800 0000 0100 0000 1e00 0000
	0900 0000 2600 a900 0000 c412 0000 ffff ffff 0000 0000 0000 0000 0000 2401 0000 0100 0000 1f00 0000
	0900 0000 2600 9e00 0000 0314 0000 ffff ffff 0000 0000 0000 0000 0000 ea00 0000 0100 0000 2000 0000
	0900 0000 2600 2d01 0000 cf0b 0000 ffff ffff 0000 0000 0000 0000 0000 1c00 0000 0100 0000 2100 0000
	0900 0000 2600 3802 0000 e50d 0000 ffff ffff 0000 0000 0000 0000 0000 e400 0000 0100 0000 2200 0000
	0900 0000 2600 9e00 0000 1828 0000 ffff ffff 0000 0000 0000 0000 0000 6c01 0000 0100 0000 2300 0000
	0900 0000 2600 aa00 0000 6b18 0000 ffff ffff 0000 0000 0000 0000 0000 0800 0000 0100 0000 2400 0000
	0900 0000 2600 ad00 0000 6e0b 0000 ffff ffff 0000 0000 0000 0000 0000 0300 0000 0100 0000 2500 0000
	0900 0000 2600 9d00 0000 ae0f 0000 ffff ffff 0000 0000 0000 0000 0000 1100 0000 0100 0000 2600 0000
	0900 0000 2500 5d00 0000 ad14 0000 ffff ffff 0000 0000 0000 0000 0000 d300 0000 0100 0000 2700 0000
	0900 0000 2600 9d00 0000 2f39 0000 ffff ffff 0000 0000 0000 0000 0000 ab00 0000 0100 0000 2800 0000
	0900 0000 2600 a500 0000 6b18 0000 ffff ffff 0000 0000 0000 0000 0000 0e00 0000 0100 0000 2900 0000
	0900 0000 2600 1101 0000 ad14 0000 ffff ffff 0000 0000 0000 0000 0000 1b00 0000 0100 0000 2a00 0000
	0900 0000 2600 aa00 0000 ae0f 0000 ffff ffff 0000 0000 0000 0000 0000 0400 0000 0100 0000 2b00 0000
	0900 0000 2600 aa00 0000 cf0b 0000 ffff ffff 0000 0000 0000 0000 0000 0400 0000 0100 0000 2c00 0000
	0900 0000 2600 2801 0000 2f39 0000 ffff ffff 0000 0000 0000 0000 0000 0e00 0000 0100 0000 2d00 0000
	0900 0000 2600 aa00 0000 e50d 0000 ffff ffff 0000 0000 0000 0000 0000 0f00 0000 0100 0000 2e00 0000
	0900 0000 2500 3502 0000 e305 0000 ffff ffff 0000 0000 0000 0000 0000 9b00 0000 0100 0000 2f00 0000
	0900 0000 2600 4a02 0000 6b18 0000 ffff ffff 0000 0000 0000 0000 0000 e600 0000 0100 0000 3000 0000
	0900 0000 2600 5602 0000 ae0f 0000 ffff ffff 0000 0000 0000 0000 0000 0600 0000 0100 0000 3100 0000
	0900 0000 2600 a400 0000 e50d 0000 ffff ffff 0000 0000 0000 0000 0000 2500 0000 0100 0000 3200 0000
	0900 0000 2600 9d00 0000 7913 0000 ffff ffff 0000 0000 0000 0000 0000 0b00 0000 0100 0000 3300 0000
	0900 0000 2600 aa00 0000 2f39 0000 ffff ffff 0000 0000 0000 0000 0000 0b00 0000 0100 0000 3400 0000
	0900 0000 2600 0e01 0000 0314 0000 ffff ffff 0000 0000 0000 0000 0000 1300 0000 0100 0000 3500 0000
	0900 0000 2600 aa00 0000 cf0b 0000 ffff ffff 0000 0000 0000 0000 0000 d400 0000 0100 0000 3600 0000
	0900 0000 2500 af00 0000 ad14 0000 ffff ffff 0000 0000 0000 0000 0000 0d00 0000 0100 0000 3700 0000
	0900 0000 2600 3102 0000 e305 0000 ffff ffff 0000 0000 0000 0000 0000 1501 0000 0100 0000 3800 0000
	0900 0000 2600 2701 0000 0314 0000 ffff ffff 0000 0000 0000 0000 0000 6800 0000 0100 0000 3900 0000
	0900 0000 2600 1101 0000 6e0b 0000 ffff ffff 0000 0000 0000 0000 0000 3f00 0000 0100 0000 3a00 0000
	0900 0000 2600 2801 0000 cf0b 0000 ffff ffff 0000 0000 0000 0000 0000 0200 0000 0100 0000 3b00 0000
	0900 0000 2600 1402 0000 7913 0000 ffff ffff 0000 0000 0000 0000 0000 6101 0000 0100 0000 3c00 0000
	0900 0000 2600 0d01 0000 6b18 0000 ffff ffff 0000 0000 0000 0000 0000 0200 0000 0100 0000 3d00 0000
	0900 0000 2600 2801 0000 4e15 0000 ffff ffff 0000 0000 0000 0000 0000 1d00 0000 0100 0000 3e00 0000
	0900 0000 2600 8902 0000 1828 0000 ffff ffff 0000 0000 0000 0000 0000 1d00 0000 0100 0000 3f00 0000
	0900 0000 2600 2d01 0000 7913 0000 ffff ffff 0000 0000 0000 0000 0000 2400 0000 0100 0000 4000 0000
	0900 0000 2600 a200 0000 9e15 0000 ffff ffff 0000 0000 0000 0000 0000 2100 0000 0100 0000 4100 0000
	0900 0000 2600 a400 0000 0314 0000 ffff ffff 0000 0000 0000 0000 0000 1b00 0000 0100 0000 4200 0000
	0900 0000 2600 4a02 0000 1828 0000 ffff ffff 0000 0000 0000 0000 0000 0500 0000 0100 0000 4300 0000
	0900 0000 2600 a000 0000 c412 0000 ffff ffff 0000 0000 0000 0000 0000 1201 0000 0100 0000 4400 0000
	0900 0000 2600 0d01 0000 ad14 0000 ffff ffff 0000 0000 0000 0000 0000 1100 0000 0100 0000 4500 0000
	0900 0000 2600 a100 0000 e50d 0000 ffff ffff 0000 0000 0000 0000 0000 e400 0000 0100 0000 4600 0000
	0900 0000 2600 aa00 0000 6b18 0000 ffff ffff 0000 0000 0000 0000 0000 8900 0000 0100 0000 4700 0000
	0900 0000 2600 ae00 0000 2f39 0000 ffff ffff 0000 0000 0000 0000 0000 3f01 0000 0100 0000 4800 0000
	0900 0000 2500 ab00 0000 ad14 0000 ffff ffff 0000 0000 0000 0000 0000 b600 0000 0100 0000 4900 0000
	0900 0000 2600 9f00 0000 6e0b 0000 ffff ffff 0000 0000 0000 0000 0000 1600 0000 0100 0000 4a00 0000
	0900 0000 2600 1402 0000 7913 0000 ffff ffff 0000 0000 0000 0000 0000 0f00 0000 0100 0000 4b00 0000
	0900 0000 2600 2801 0000 4e15 0000 ffff ffff 0000 0000 0000 0000 0000 2c01 0000 0100 0000 4c00 0000
	0900 0000 2500 5a00 0000 1828 0000 ffff ffff 0000 0000 0000 0000 0000 0300 0000 0100 0000 4d00 0000
	0900 0000 2600 5302 0000 9e15 0000 ffff ffff 0000 0000 0000 0000 0000 1d01 0000 0100 0000 4e00 0000
	0900 0000 2600 a100 0000 4e15 0000 ffff ffff 0000 0000 0000 0000 0000 2c01 0000 0100 0000 4f00 0000
	0900 0000 2500 5a00 0000 cf0b 0000 ffff ffff 0000 0000 0000 0000 0000 4101 0000 0100 0000 5000 0000
	0900 0000 2600 f900 0000 1828 0000 ffff ffff 0000 0000 0000 0000 0000 cd00 0000 0100 0000 5100 0000
	0900 0000 2500 b000 0000 6e0b 0000 ffff ffff 0000 0000 0000 0000 0000 3e00 0000 0100 0000 5200 0000
	0900 0000 2600 a900 0000 e50d 0000 ffff ffff 0000 0000 0000 0000 0000 1b00 0000 0100 0000 5300 0000
	0900 0000 2600 2c02 0000 cf0b 0000 ffff ffff 0000 0000 0000 0000 0000 0200 0000 0100 0000 5400 0000
	0900 0000 2600 9d00 0000 9e15 0000 ffff ffff 0000 0000 0000 0000 0000 1000 0000 0100 0000 5500 0000
	0900 0000 2600 9f00 0000 9e15 0000 ffff ffff 0000 0000 0000 0000 0000 1700 0000 0100 0000 5600 0000
	0900 0000 2600 5602 0000 1015 0000 ffff ffff 0000 0000 0000 0000 0000 1700 0000 0100 0000 5700 0000
	0900 0000 2600 a400 0000 e50d 0000 ffff ffff 0000 0000 0000 0000 0000 1400 0000 0100 0000 5800 0000
	0900 0000 2600 ad00 0000 0314 0000 ffff ffff 0000 0000 0000 0000 0000 0e00 0000 0100 0000 5900 0000
	0900 0000 2600 0e01 0000 ae0f 0000 ffff ffff 0000 0000 0000 0000 0000 0100 0000 0100 0000 5a00 0000
	0900 0000 2600 ac00 0000 ae0f 0000 ffff ffff 0000 0000 0000 0000 0000 0300 0000 0100 0000 5b00 0000
	0900 0000 2600 1402 0000 9e15 0000 ffff ffff 0000 0000 0000 0000 0000 1d00 0000 0100 0000 5c00 0000
	0900 0000 2600 6502 0000 7913 0000 ffff ffff 0000 0000 0000 0000 0000 1600 0000 0100 0000 5d00 0000
	0900 0000 2600 0d01 0000 0314 0000 ffff ffff 0000 0000 0000 0000 0000 1b00 0000 0100 0000 5e00 0000
	0900 0000 2600 a500 0000 9e15 0000 ffff ffff 0000 0000 0000 0000 0000 0d01 0000 0100 0000 5f00 0000
	0900 0000 2600 0d01 0000 4e15 0000 ffff ffff 0000 0000 0000 0000 0000 0600 0000 0100 0000 6000 0000
	0900 0000 2600 a200 0000 1015 0000 ffff ffff 0000 0000 0000 0000 0000 0c00 0000 0100 0000 6100 0000
	0900 0000 2600 2801 0000 1015 0000 ffff ffff 0000 0000 0000 0000 0000 f700 0000 0100 0000 6200 0000
	0900 0000 2600 a000 0000 6b18 0000 ffff ffff 0000 0000 0000 0000 0000 3700 0000 0100 0000 6300 0000
	0900 0000 2600 f900 0000 1828 0000 ffff ffff 0000 0000 0000 0000 0000 0400 0000 0100 0000 6400 0000
	0900 0000 2600 a200 0000 6e0b 0000 ffff ffff 0000 0000 0000 0000 0000 0600 0000 0100 0000 6500 0000
	0900 0000 2600 0d01 0000 cf0b 0000 ffff ffff 0000 0000 0000 0000 0000 0200 0000 0100 0000 6600 0000
	0900 0000 2600 2801 0000 ae0f 0000 ffff ffff 0000 0000 0000 0000 0000 db00 0000 0100 0000 6700 0000
	0900 0000 2600 a100 0000 ad14 0000 ffff ffff 0000 0000 0000 0000 0000 0e01 0000 0100 0000 6800 0000
	0900 0000 2600 a000 0000 2f39 0000 ffff ffff 0000 0000 0000 0000 0000 a500 0000 0100 0000 6900 0000
	0900 0000 2600 a000 0000 cf0b 0000 ffff ffff 0000 0000 0000 0000 0000 0b00 0000 0100 0000 6a00 0000
	0900 0000 2500 5a00 0000 c412 0000 ffff ffff 0000 0000 0000 0000 0000 0500 0000 0100 0000 6b00 0000
	0900 0000 2500 a600 0000 4e15 0000 ffff ffff 0000 0000 0000 0000 0000 0100 0000 0100 0000 6c00 0000
	0900 0000 2500 5d00 0000 0314 0000 ffff ffff 0000 0000 0000 0000 0000 5e00 0000 0100 0000 6d00 0000
	0900 0000 2600 f900 0000 c412 0000 ffff ffff 0000 0000 0000 0000 0000 1a00 0000 0100 0000 6e00 0000
	0900 0000 2600 0d01 0000 4e15 0000 ffff ffff 0000 0000 0000 0000 0000 1c00 0000 0100 0000 6f00 0000
	0900 0000 2600 ad00 0000 1828 0000 ffff ffff 0000 0000 0000 0000 0000 4500 0000 0100 0000 7000 0000
	0900 0000 2600 5302 0000 ae0f 0000 ffff ffff 0000 0000 0000 0000 0000 0400 0000 0100 0000 7100 0000
	0900 0000 2600 aa00 0000 ad14 0000 ffff ffff 0000 0000 0000 0000 0000 1a00 0000 0100 0000 7200 0000
	0900 0000 2600 f900 0000 2f39 0000 ffff ffff 0000 0000 0000 0000 0000 1700 0000 0100 0000 7300 0000
	0900 0000 2600 5602 0000 7913 0000 ffff ffff 0000 0000 0000 0000 0000 1600 0000 0100 0000 7400 0000
	0900 0000 2600 a900 0000 6b18 0000 ffff ffff 0000 0000 0000 0000 0000 0400 0000 0100 0000 7500 0000
	0900 0000 2600 a300 0000 4e15 0000 ffff ffff 0000 0000 0000 0000 0000 5c00 0000 0100 0000 7600 0000
	0900 0000 2600 1701 0000 2f39 0000 ffff ffff 0000 0000 0000 0000 0000 1c00 0000 0100 0000 7700 0000
	0900 0000 2600 ae00 0000 6e0b 0000 ffff ffff 0000 0000 0000 0000 0000 2200 0000 0100 0000 7800 0000
	0900 0000 2500 e800 0000 e305 0000 ffff ffff 0000 0000 0000 0000 0000 e900 0000 0100 0000 7900 0000
	0900 0000 2600 2701 0000 cf0b 0000 ffff ffff 0000 0000 0000 0000 0000 0500 0000 0100 0000 7a00 0000
	0900 0000 2500 b100 0000 ae0f 0000 ffff ffff 0000 0000 0000 0000 0000 1200 0000 0100 0000 7b00 0000
	0900 0000 2500 b100 0000 2f39 0000 ffff ffff 0000 0000 0000 0000 0000 8700 0000 0100 0000 7c00 0000
	0900 0000 2600 0d01 0000 7913 0000 ffff ffff 0000 0000 0000 0000 0000 8b00 0000 0100 0000 7d00 0000
	0900 0000 2600 a000 0000 1015 0000 ffff ffff 0000 0000 0000 0000 0000 1d00 0000 0100 0000 7e00 0000
	0900 0000 2600 a500 0000 1828 0000 ffff ffff 0000 0000 0000 0000 0000 f300 0000 0100 0000 7f00 0000
	0900 0000 2600 4a02 0000 6e0b 0000 ffff ffff 0000 0000 0000 0000 0000 1400 0000 0100 0000 8000 0000
	0900 0000 2600 a400 0000 ad14 0000 ffff ffff 0000 0000 0000 0000 0000 0a00 0000 0100 0000 8100 0000
	0900 0000 2600 2901 0000 1828 0000 ffff ffff 0000 0000 0000 0000 0000 fd00 0000 0100 0000 8200 0000
	0900 0000 2600 fe00 0000 e305 0000 ffff ffff 0000 0000 0000 0000 0000 1c00 0000 0100 0000 8300 0000
	0900 0000 2500 b000 0000 4e15 0000 ffff ffff 0000 0000 0000 0000 0000 1a00 0000 0100 0000 8400 0000
	0900 0000 2600 2d01 0000 ae0f 0000 ffff ffff 0000 0000 0000 0000 0000 6200 0000 0100 0000 8500 0000
	0900 0000 2600 2701 0000 c412 0000 ffff ffff 0000 0000 0000 0000 0000 1900 0000 0100 0000 8600 0000
	0900 0000 2600 4a02 0000 ae0f 0000 ffff ffff 0000 0000 0000 0000 0000 0500 0000 0100 0000 8700 0000
	0900 0000 2600 1402 0000 6b18 0000 ffff ffff 0000 0000 0000 0000 0000 ab00 0000 0100 0000 8800 0000
	0900 0000 2500 a600 0000 0314 0000 ffff ffff 0000 0000 0000 0000 0000 3000 0000 0100 0000 8900 0000
	0900 0000 2600 2602 0000 e50d 0000 ffff ffff 0000 0000 0000 0000 0000 3f00 0000 0100 0000 8a00 0000
	0900 0000 2600 2d01 0000 0314 0000 ffff ffff 0000 0000 0000 0000 0000 1600 0000 0100 0000 8b00 0000
	0900 0000 2600 a400 0000 9e15 0000 ffff ffff 0000 0000 0000 0000 0000 7c01 0000 0100 0000 8c00 0000
	0900 0000 2600 a900 0000 cf0b 0000 ffff ffff 0000 0000 0000 0000 0000 1b00 0000 0100 0000 8d00 0000
	0900 0000 2500 5a00 0000 7913 0000 ffff ffff 0000 0000 0000 0000 0000 1b00 0000 0100 0000 8e00 0000
	0900 0000 2600 a900 0000 7913 0000 ffff ffff 0000 0000 0000 0000 0000 2600 0000 0100 0000 8f00 0000
	0900 0000 2600 c500 0000 e305 0000 ffff ffff 0000 0000 0000 0000 0000 1200 0000 0100 0000 9000 0000
	0900 0000 2600 2901 0000 7913 0000 ffff ffff 0000 0000 0000 0000 0000 1400 0000 0100 0000 9100 0000
	0900 0000 2600 a900 0000 0314 0000 ffff ffff 0000 0000 0000 0000 0000 1500 0000 0100 0000 9200 0000
	0900 0000 2600 1101 0000 1828 0000 ffff ffff 0000 0000 0000 0000 0000 2400 0000 0100 0000 9300 0000
	0900 0000 2600 a100 0000 4e15 0000 ffff ffff 0000 0000 0000 0000 0000 0500 0000 0100 0000 9400 0000
	0900 0000 2600 2901 0000 7913 0000 ffff ffff 0000 0000 0000 0000 0000 2d00 0000 0100 0000 9500 0000
	0900 0000 2500 ab00 0000 1015 0000 ffff ffff 0000 0000 0000 0000 0000 1d00 0000 0100 0000 9600 0000
	0900 0000 2600 2701 0000 1828 0000 ffff ffff 0000 0000 0000 0000 0000 0300 0000 0100 0000 9700 0000
	0900 0000 2600 a500 0000 1828 0000 ffff ffff 0000 0000 0000 0000 0000 6800 0000 0100 0000 9800 0000
	0900 0000 2600 9f00 0000 2f39 0000 ffff ffff 0000 0000 0000 0000 0000 1200 0000 0100 0000 9900 0000
	0900 0000 2600 2901 0000 2f39 0000 ffff ffff 0000 0000 0000 0000 0000 1a00 0000 0100 0000 9a00 0000
	0900 0000 2600 2701 0000 0314 0000 ffff ffff 0000 0000 0000 0000 0000 1300 0000 0100 0000 9b00 0000
	0900 0000 2600 9d00 0000 1828 0000 ffff ffff 0000 0000 0000 0000 0000 0500 0000 0100 0000 9c00 0000
	0900 0000 2600 1101 0000 2f39 0000 ffff ffff 0000 0000 0000 0000 0000 1200 0000 0100 0000 9d00 0000
	0900 0000 2600 2901 0000 1828 0000 ffff ffff 0000 0000 0000 0000 0000 5300 0000 0100 0000 9e00 0000
	0900 0000 2600 a200 0000 4e15 0000 ffff ffff 0000 0000 0000 0000 0000 1a00 0000 0100 0000 9f00 0000
	0900 0000 2600 a300 0000 2f39 0000 ffff ffff 0000 0000 0000 0000 0000 0d00 0000 0100 0000 a000 0000
	0900 0000 2500 b100 0000 1828 0000 ffff ffff 0000 0000 0000 0000 0000 0500 0000 0100 0000 a100 0000
	0900 0000 2600 1301 0000 7913 0000 ffff ffff 0000 0000 0000 0000 0000 fd00 0000 0100 0000 a200 0000
	0900 0000 2600 a000 0000 0314 0000 ffff ffff 0000 0000 0000 0000 0000 2400 0000 0100 0000 a300 0000
	0900 0000 2600 2801 0000 9e15 0000 ffff ffff 0000 0000 0000 0000 0000 0e01 0000 0100 0000 a400 0000
	0900 0000 2600 6502 0000 1828 0000 ffff ffff 0000 0000 0000 0000 0000 0100 0000 0100 0000 a500 0000
	0900 0000 2600 1402 0000 0314 0000 ffff ffff 0000 0000 0000 0000 0000 a600 0000 0100 0000 a600 0000
	0900 0000 2600 aa00 0000 cf0b 0000 ffff ffff 0000 0000 0000 0000 0000 1d00 0000 0100 0000 a700 0000
	0900 0000 2600 a500 0000 2f39 0000 ffff ffff 0000 0000 0000 0000 0000 e700 0000 0100 0000 a800 0000
	0900 0000 2500 ab00 0000 c412 0000 ffff ffff 0000 0000 0000 0000 0000 1700 0000 0100 0000 a900 0000
	0900 0000 2600 9e00 0000 4e15 0000 ffff ffff 0000 0000 0000 0000 0000 0200 0000 0100 0000 aa00 0000
	0900 0000 2600 5302 0000 4e15 0000 ffff ffff 0000 0000 0000 0000 0000 2701 0000 0100 0000 ab00 0000
	0900 0000 2600 aa00 0000 cf0b 0000 ffff ffff 0000 0000 0000 0000 0000 2900 0000 0100 0000 ac00 0000
	0900 0000 2500 af00 0000 e50d 0000 ffff ffff 0000 0000 0000 0000 0000 dc00 0000 0100 0000 ad00 0000
	0900 0000 2600 a400 0000 ae0f 0000 ffff ffff 0000 0000 0000 0000 0000 1d01 0000 0100 0000 ae00 0000
	0900 0000 2600 1101 0000 9e15 0000 ffff ffff 0000 0000 0000 0000 0000 2201 0000 0100 0000 af00 0000
	0900 0000 2600 2901 0000 9e15 0000 ffff ffff 0000 0000 0000 0000 0000 8000 0000 0100 0000 b000 0000
	0900 0000 2600 a300 0000 6e0b 0000 ffff ffff 0000 0000 0000 0000 0000 0700 0000 0100 0000 b100 0000
	0900 0000 2600 a900 0000 e50d 0000 ffff ffff 0000 0000 0000 0000 0000 9100 0000 0100 0000 b200 0000
	0900 0000 2600 1402 0000 ae0f 0000 ffff ffff 0000 0000 0000 0000 0000 4301 0000 0100 0000 b300 0000
	0900 0000 2600 2901 0000 6b18 0000 ffff ffff 0000 0000 0000 0000 0000 0200 0000 0100 0000 b400 0000
	0900 0000 2500 b100 0000 4e15 0000 ffff ffff 0000 0000 0000 0000 0000 c700 0000 0100 0000 b500 0000
	0900 0000 2600 6502 0000 1828 0000 ffff ffff 0000 0000 0000 0000 0000 5c00 0000 0100 0000 b600 0000
	0900 0000 2600 2c02 0000 9e15 0000 ffff ffff 0000 0000 0000 0000 0000 9100 0000 0100 0000 b700 0000
	0900 0000 2600 f900 0000 4e15 0000 ffff ffff 0000 0000 0000 0000 0000 0300 0000 0100 0000 b800 0000
	0900 0000 2500 b100 0000 ad14 0000 ffff ffff 0000 0000 0000 0000 0000 7c00 0000 0100 0000 b900 0000
	0900 0000 2500 a600 0000 cf0b 0000 ffff ffff 0000 0000 0000 0000 0000 1e00 0000 0100 0000 ba00 0000
	0900 0000 2500 5d00 0000 7913 0000 ffff ffff 0000 0000 0000 0000 0000 2700 0000 0100 0000 bb00 0000
	0900 0000 2600 9d00 0000 cf0b 0000 ffff ffff 0000 0000 0000 0000 0000 1e00 0000 0100 0000 bc00 0000
	0900 0000 2600 ad00 0000 c412 0000 ffff ffff 0000 0000 0000 0000 0000 1c00 0000 0100 0000 bd00 0000
	0900 0000 2600 a200 0000 4e15 0000 ffff ffff 0000 0000 0000 0000 0000 1100 0000 0100 0000 be00 0000
	0900 0000 2600 1101 0000 6b18 0000 ffff ffff 0000 0000 0000 0000 0000 1500 0000 0100 0000 bf00 0000
	0900 0000 2600 8902 0000 1015 0000 ffff ffff 0000 0000 0000 0000 0000 1600 0000 0100 0000 c000 0000
	0900 0000 2600 2901 0000 1828 0000 ffff ffff 0000 0000 0000 0000 0000 8000 0000 0100 0000 c100 0000
	0900 0000 2600 5602 0000 1015 0000 ffff ffff 0000 0000 0000 0000 0000 1d00 0000 0100 0000 c200 0000
	0900 0000 2600 a400 0000 ae0f 0000 ffff ffff 0000 0000 0000 0000 0000 2300 0000 0100 0000 c300 0000
	0900 0000 2600 0f01 0000 1015 0000 ffff ffff 0000 0000 0000 0000 0000 2200 0000 0100 0000 c400 0000
	0900 0000 2600 5602 0000 ae0f 0000 ffff ffff 0000 0000 0000 0000 0000 5500 0000 0100 0000 c500 0000
	0900 0000 2600 f900 0000 6e0b 0000 ffff ffff 0000 0000 0000 0000 0000 c600 0000 0100 0000 c600 0000
	0900 0000 2600 9e00 0000 7913 0000 ffff ffff 0000 0000 0000 0000 0000 1b00 0000 0100 0000 c700 0000
	0900 0000 2600 a100 0000 6b18 0000 ffff ffff 0000 0000 0000 0000 0000 8500 0000 0100 0000 c800 0000
	0900 0000 2500 ab00 0000 6b18 0000 ffff ffff 0000 0000 0000 0000 0000 1800 0000 0100 0000 c900 0000
	0900 0000 2600 0f01 0000 0314 0000 ffff ffff 0000 0000 0000 0000 0000 1500 0000 0100 0000 ca00 0000
	0900 0000 2600 a000 0000 4e15 0000 ffff ffff 0000 0000 0000 0000 0000 7600 0000 0100 0000 cb00 0000
	0900 0000 2600 a400 0000 7913 0000 ffff ffff 0000 0000 0000 0000 0000 d100 0000 0100 0000 cc00 0000
	0900 0000 2600 f900 0000 6b18 0000 ffff ffff 0000 0000 0000 0000 0000 0300 0000 0100 0000 cd00 0000
	0900 0000 2600 ac00 0000 6b18 0000 ffff ffff 0000 0000 0000 0000 0000 0800 0000 0100 0000 ce00 0000
	0900 0000 2600 a900 0000 cf0b 0000 ffff ffff 0000 0000 0000 0000 0000 0300 0000 0100 0000 cf00 0000
	0900 0000 2600 a500 0000 c412 0000 ffff ffff 0000 0000 0000 0000 0000 0a00 0000 0100 0000 d000 0000
	0900 0000 2500 b000 0000 7913 0000 ffff ffff 0000 0000 0000 0000 0000 1900 0000 0100 0000 d100 0000
	0900 0000 2600 f900 0000 4e15 0000 ffff ffff 0000 0000 0000 0000 0000 0300 0000 0100 0000 d200 0000
	0900 0000 2500 6b03 0000 e305 0000 ffff ffff 0000 0000 0000 0000 0000 5101 0000 0100 0000 d300 0000
	0900 0000 2600 ae00 0000 ae0f 0000 ffff ffff 0000 0000 0000 0000 0000 4100 0000 0100 0000 d400 0000
	0900 0000 2600 2d01 0000 1015 0000 ffff ffff 0000 0000 0000 0000 0000 5500 0000 0100 0000 d500 0000
	0900 0000 2600 a900 0000 4e15 0000 ffff ffff 0000 0000 0000 0000 0000 ab00 0000 0100 0000 d600 0000
	0900 0000 2500 b100 0000 1828 0000 ffff ffff 0000 0000 0000 0000 0000 1600 0000 0100 0000 d700 0000
	0900 0000 2600 9f00 0000 9e15 0000 ffff ffff 0000 0000 0000 0000 0000 e800 0000 0100 0000 d800 0000
	0900 0000 2500 b100 0000 cf0b 0000 ffff ffff 0000 0000 0000 0000 0000 8400 0000 0100 0000 d900 0000
	0900 0000 2600 ac00 0000 4e15 0000 ffff ffff 0000 0000 0000 0000 0000 6b00 0000 0100 0000 da00 0000
	0900 0000 2600 a100 0000 7913 0000 ffff ffff 0000 0000 0000 0000 0000 1e00 0000 0100 0000 db00 0000
	0900 0000 2600 ac00 0000 0314 0000 ffff ffff 0000 0000 0000 0000 0000 2500 0000 0100 0000 dc00 0000
	0900 0000 2600 a900 0000 1828 0000 ffff ffff 0000 0000 0000 0000 0000 0f00 0000 0100 0000 dd00 0000
	0900 0000 2500 4800 0000 e50d 0000 ffff ffff 0000 0000 0000 0000 0000 5f00 0000 0100 0000 de00 0000
	0900 0000 2600 a400 0000 c412 0000 ffff ffff 0000 0000 0000 0000 0000 0d00 0000 0100 0000 df00 0000
	0900 0000 2600 ad00 0000 7913 0000 ffff ffff 0000 0000 0000 0000 0000 1e00 0000 0100 0000 e000 0000
	0900 0000 2600 aa00 0000 7913 0000 ffff ffff 0000 0000 0000 0000 0000 6001 0000 0100 0000 e100 0000
	0900 0000 2500 a600 0000 6e0b 0000 ffff ffff 0000 0000 0000 0000 0000 fc00 0000 0100 0000 e200 0000
	0900 0000 2600 2701 0000 ae0f 0000 ffff ffff 0000 0000 0000 0000 0000 2100 0000 0100 0000 e300 0000
	0900 0000 2600 2302 0000 e50d 0000 ffff ffff 0000 0000 0000 0000 0000 c500 0000 0100 0000 e400 0000
	0900 0000 2500 ab00 0000 4e15 0000 ffff ffff 0000 0000 0000 0000 0000 0400 0000 0100 0000 e500 0000
	0900 0000 2500 af00 0000 0314 0000 ffff ffff 0000 0000 0000 0000 0000 1e00 0000 0100 0000 e600 0000
	0900 0000 2500 b100 0000 1015 0000 ffff ffff 0000 0000 0000 0000 0000 4900 0000 0100 0000 e700 0000
	0900 0000 2600 ae00 0000 7913 0000 ffff ffff 0000 0000 0000 0000 0000 6800 0000 0100 0000 e800 0000
	0900 0000 2600 2801 0000 0314 0000 ffff ffff 0000 0000 0000 0000 0000 1e00 0000 0100 0000 e900 0000
	0900 0000 2500 a600 0000 c412 0000 ffff ffff 0000 0000 0000 0000 0000 9600 0000 0100 0000 ea00 0000
	0900 0000 2600 f500 0000 e305 0000 ffff ffff 0000 0000 0000 0000 0000 0e00 0000 0100 0000 eb00 0000
	0900 0000 2600 5302 0000 6b18 0000 ffff ffff 0000 0000 0000 0000 0000 0500 0000 0100 0000 ec00 0000
	0900 0000 2600 2c02 0000 6b18 0000 ffff ffff 0000 0000 0000 0000 0000 6900 0000 0100 0000 ed00 0000
	0900 0000 2600 5302 0000 7913 0000 ffff ffff 0000 0000 0000 0000 0000 1600 0000 0100 0000 ee00 0000
	0900 0000 2600 ad00 0000 c412 0000 ffff ffff 0000 0000 0000 0000 0000 be00 0000 0100 0000 ef00 0000
	0900 0000 2500 b100 0000 e305 0000 ffff ffff 0000 0000 0000 0000 0000 0e00 0000 0100 0000 f000 0000
	0900 0000 2600 5602 0000 c412 0000 ffff ffff 0000 0000 0000 0000 0000 0400 0000 0100 0000 f100 0000
	0900 0000 2600 ad00 0000 c412 0000 ffff ffff 0000 0000 0000 0000 0000 0d00 0000 0100 0000 f200 0000
	0900 0000 2600 5602 0000 1015 0000 ffff ffff 0000 0000 0000 0000 0000 6d00 0000 0100 0000 f300 0000
	0900 0000 2500 ab00 0000 ae0f 0000 ffff ffff 0000 0000 0000 0000 0000 1500 0000 0100 0000 f400 0000
	0900 0000 2600 2801 0000 ad14 0000 ffff ffff 0000 0000 0000 0000 0000 1800 0000 0100 0000 f500 0000
	0900 0000 2600 a500 0000 0314 0000 ffff ffff 0000 0000 0000 0000 0000 2400 0000 0100 0000 f600 0000
	0900 0000 2600 8902 0000 cf0b 0000 ffff ffff 0000 0000 0000 0000 0000 0400 0000 0100 0000 f700 0000
	0900 0000 2600 ac00 0000 2f39 0000 ffff ffff 0000 0000 0000 0000 0000 6a00 0000 0100 0000 f800 0000
	0900 0000 2500 5a00 0000 6e0b 0000 ffff ffff 0000 0000 0000 0000 0000 0600 0000 0100 0000 f900 0000
	0900 0000 2600 f900 0000 1015 0000 ffff ffff 0000 0000 0000 0000 0000 7500 0000 0100 0000 fa00 0000
	0900 0000 2500 b000 0000 e50d 0000 ffff ffff 0000 0000 0000 0000 0000 8d00 0000 0100 0000 fb00 0000
	0900 0000 2600 5302 0000 ad14 0000 ffff ffff 0000 0000 0000 0000 0000 2900 0000 0100 0000 fc00 0000
	0900 0000 2600 0d01 0000 9e15 0000 ffff ffff 0000 0000 0000 0000 0000 0100 0000 0100 0000 fd00 0000
	0900 0000 2600 ac00 0000 7913 0000 ffff ffff 0000 0000 0000 0000 0000 4800 0000 0100 0000 fe00 0000
	0900 0000 2400 8e03 0000 e305 0000 ffff ffff 0000 0000 0000 0000 0000 2200 0000 0100 0000 ff00 0000
	0900 0000 2600 a100 0000 2f39 0000 ffff ffff 0000 0000 0000 0000 0000 1700 0000 0100 0000 0001 0000
	0900 0000 2600 a500 0000 c412 0000 ffff ffff 0000 0000 0000 0000 0000 2a00 0000 0100 0000 0101 0000
	0900 0000 2600 1701 0000 c412 0000 ffff ffff 0000 0000 0000 0000 0000 0100 0000 0100 0000 0201 0000
	0900 0000 2600 a300 0000 7913 0000 ffff ffff 0000 0000 0000 0000 0000 0d00 0000 0100 0000 0301 0000
	0900 0000 2600 a200 0000 6e0b 0000 ffff ffff 0000 0000 0000 0000 0000 1b00 0000 0100 0000 0401 0000
	0900 0000 2600 0e01 0000 c412 0000 ffff ffff 0000 0000 0000 0000 0000 1600 0000 0100 0000 0501 0000
	0900 0000 2600 a500 0000 cf0b 0000 ffff ffff 0000 0000 0000 0000 0000 fd00 0000 0100 0000 0601 0000
	0900 0000 2600 9e00 0000 1015 0000 ffff ffff 0000 0000 0000 0000 0000 7700 0000 0100 0000 0701 0000
	0900 0000 2600 2c02 0000 0314 0000 ffff ffff 0000 0000 0000 0000 0000 2100 0000 0100 0000 0801 0000
	0900 0000 2600 2c02 0000 4e15 0000 ffff ffff 0000 0000 0000 0000 0000 3001 0000 0100 0000 0901 0000
	0900 0000 2600 ad00 0000 ad14 0000 ffff ffff 0000 0000 0000 0000 0000 1200 0000 0100 0000 0a01 0000
	0900 0000 2600 a300 0000 0314 0000 ffff ffff 0000 0000 0000 0000 0000 5c00 0000 0100 0000 0b01 0000
	0900 0000 2600 a400 0000 cf0b 0000 ffff ffff 0000 0000 0000 0000 0000 0200 0000 0100 0000 0c01 0000
	0900 0000 2500 b100 0000 ae0f 0000 ffff ffff 0000 0000 0000 0000 0000 0400 0000 0100 0000 0d01 0000
	0900 0000 2600 ae00 0000 9e15 0000 ffff ffff 0000 0000 0000 0000 0000 3000 0000 0100 0000 0e01 0000
	0900 0000 2500 b100 0000 9e15 0000 ffff ffff 0000 0000 0000 0000 0000 4600 0000 0100 0000 0f01 0000
	0900 0000 2600 1701 0000 c412 0000 ffff ffff 0000 0000 0000 0000 0000 0700 0000 0100 0000 1001 0000
	0900 0000 2600 1402 0000 0314 0000 ffff ffff 0000 0000 0000 0000 0000 1e00 0000 0100 0000 1101 0000
	0900 0000 2500 b000 0000 0314 0000 ffff ffff 0000 0000 0000 0000 0000 1a00 0000 0100 0000 1201 0000
	0900 0000 2600 4702 0000 e50d 0000 ffff ffff 0000 0000 0000 0000 0000 3501 0000 0100 0000 1301 0000
	0900 0000 2600 2701 0000 ae0f 0000 ffff ffff 0000 0000 0000 0000 0000 6300 0000 0100 0000 1401 0000
	0900 0000 2600 a300 0000 1828 0000 ffff ffff 0000 0000 0000 0000 0000 0400 0000 0100 0000 1501 0000
	0900 0000 2600 9e00 0000 6e0b 0000 ffff ffff 0000 0000 0000 0000 0000 0901 0000 0100 0000 1601 0000
	0900 0000 2600 2701 0000 7913 0000 ffff ffff 0000 0000 0000 0000 0000 7b00 0000 0100 0000 1701 0000
	0900 0000 2600 aa00 0000 7913 0000 ffff ffff 0000 0000 0000 0000 0000 7b00 0000 0100 0000 1801 0000
	0900 0000 2600 3202 0000 e50d 0000 ffff ffff 0000 0000 0000 0000 0000 0401 0000 0100 0000 1901 0000
	0900 0000 2600 6502 0000 1828 0000 ffff ffff 0000 0000 0000 0000 0000 0300 0000 0100 0000 1a01 0000
	0900 0000 2600 a400 0000 1828 0000 ffff ffff 0000 0000 0000 0000 0000 2200 0000 0100 0000 1b01 0000
	0900 0000 2600 0d01 0000 ae0f 0000 ffff ffff 0000 0000 0000 0000 0000 1500 0000 0100 0000 1c01 0000
	0900 0000 2500 ab00 0000 1015 0000 ffff ffff 0000 0000 0000 0000 0000 3900 0000 0100 0000 1d01 0000
	0900 0000 2600 a900 0000 7913 0000 ffff ffff 0000 0000 0000 0000 0000 0c00 0000 0100 0000 1e01 0000
	0900 0000 2600 a300 0000 6e0b 0000 ffff ffff 0000 0000 0000 0000 0000 1800 0000 0100 0000 1f01 0000
	0900 0000 2600 ac00 0000 6e0b 0000 ffff ffff 0000 0000 0000 0000 0000 1801 0000 0100 0000 2001 0000
	0900 0000 2600 1402 0000 6e0b 0000 ffff ffff 0000 0000 0000 0000 0000 d400 0000 0100 0000 2101 0000
	0900 0000 2600 2c02 0000 cf0b 0000 ffff ffff 0000 0000 0000 0000 0000 0300 0000 0100 0000 2201 0000
	0900 0000 2600 1402 0000 1015 0000 ffff ffff 0000 0000 0000 0000 0000 3c00 0000 0100 0000 2301 0000
	0900 0000 2500 5a00 0000 6b18 0000 ffff ffff 0000 0000 0000 0000 0000 4100 0000 0100 0000 2401 0000
	0900 0000 2600 a500 0000 1015 0000 ffff ffff 0000 0000 0000 0000 0000 6f00 0000 0100 0000 2501 0000
	0900 0000 2600 9e00 0000 0314 0000 ffff ffff 0000 0000 0000 0000 0000 2d00 0000 0100 0000 2601 0000
	0900 0000 2500 a600 0000 c412 0000 ffff ffff 0000 0000 0000 0000 0000 0f00 0000 0100 0000 2701 0000
	0900 0000 2500 ab00 0000 4e15 0000 ffff ffff 0000 0000 0000 0000 0000 2b00 0000 0100 0000 2801 0000
	0900 0000 2600 1402 0000 2f39 0000 ffff ffff 0000 0000 0000 0000 0000 5200 0000 0100 0000 2901 0000
	0900 0000 2600 0e01 0000 9e15 0000 ffff ffff 0000 0000 0000 0000 0000 2200 0000 0100 0000 2a01 0000
	0900 0000 2500 5003 0000 e305 0000 ffff ffff 0000 0000 0000 0000 0000 1800 0000 0100 0000 2b01 0000
	0900 0000 2600 0e01 0000 1828 0000 ffff ffff 0000 0000 0000 0000 0000 1800 0000 0100 0000 2c01 0000
	0900 0000 2600 f900 0000 0314 0000 ffff ffff 0000 0000 0000 0000 0000 1900 0000 0100 0000 2d01 0000
	0900 0000 2600 2701 0000 4e15 0000 ffff ffff 0000 0000 0000 0000 0000 e000 0000 0100 0000 2e01 0000
	0900 0000 2600 1101 0000 9e15 0000 ffff ffff 0000 0000 0000 0000 0000 1700 0000 0100 0000 2f01 0000
	0900 0000 2600 2d01 0000 1828 0000 ffff ffff 0000 0000 0000 0000 0000 1c00 0000 0100 0000 3001 0000
	0900 0000 2600 2801 0000 2f39 0000 ffff ffff 0000 0000 0000 0000 0000 dd00 0000 0100 0000 3101 0000
	0900 0000 2600 ac00 0000 9e15 0000 ffff ffff 0000 0000 0000 0000 0000 0500 0000 0100 0000 3201 0000
	0900 0000 2600 1402 0000 1015 0000 ffff ffff 0000 0000 0000 0000 0000 0501 0000 0100 0000 3301 0000
	0900 0000 2600 6502 0000 4e15 0000 ffff ffff 0000 0000 0000 0000 0000 1f00 0000 0100 0000 3401 0000
	0900 0000 2500 5a00 0000 2f39 0000 ffff ffff 0000 0000 0000 0000 0000 1600 0000 0100 0000 3501 0000
	0900 0000 2600 1301 0000 1015 0000 ffff ffff 0000 0000 0000 0000 0000 0d00 0000 0100 0000 3601 0000
	0900 0000 2600 6502 0000 4e15 0000 ffff ffff 0000 0000 0000 0000 0000 cc00 0000 0100 0000 3701 0000
	0900 0000 2600 a900 0000 6b18 0000 ffff ffff 0000 0000 0000 0000 0000 7800 0000 0100 0000 3801 0000
	0900 0000 2600 2c02 0000 6e0b 0000 ffff ffff 0000 0000 0000 0000 0000 6300 0000 0100 0000 3901 0000
	0900 0000 2600 1701 0000 4e15 0000 ffff ffff 0000 0000 0000 0000 0000 1800 0000 0100 0000 3a01 0000
	0900 0000 2600 aa00 0000 cf0b 0000 ffff ffff 0000 0000 0000 0000 0000 8500 0000 0100 0000 3b01 0000
	0900 0000 2500 0f00 0000 e50d 0000 ffff ffff 0000 0000 0000 0000 0000 0d00 0000 0100 0000 3c01 0000
	0900 0000 2600 f900 0000 0314 0000 ffff ffff 0000 0000 0000 0000 0000 1900 0000 0100 0000 3d01 0000
	0900 0000 2600 8902 0000 1015 0000 ffff ffff 0000 0000 0000 0000 0000 1600 0000 0100 0000 3e01 0000
	0900 0000 2600 4a02 0000 e50d 0000 ffff ffff 0000 0000 0000 0000 0000 1d00 0000 0100 0000 3f01 0000
	0900 0000 2500 5a00 0000 ae0f 0000 ffff ffff 0000 0000 0000 0000 0000 f100 0000 0100 0000 4001 0000
	0900 0000 2600 a000 0000 1015 0000 ffff ffff 0000 0000 0000 0000 0000 1000 0000 0100 0000 4101 0000
	0900 0000 2600 5302 0000 cf0b 0000 ffff ffff 0000 0000 0000 0000 0000 0d00 0000 0100 0000 4201 0000
	0900 0000 2600 2901 0000 1828 0000 ffff ffff 0000 0000 0000 0000 0000 1b00 0000 0100 0000 4301 0000
	0900 0000 2600 5602 0000 6b18 0000 ffff ffff 0000 0000 0000 0000 0000 1300 0000 0100 0000 4401 0000
	0900 0000 2600 5302 0000 6e0b 0000 ffff ffff 0000 0000 0000 0000 0000 1e01 0000 0100 0000 4501 0000
	0900 0000 2600 2d01 0000 9e15 0000 ffff ffff 0000 0000 0000 0000 0000 3e00 0000 0100 0000 4601 0000
	0900 0000 2600 fb00 0000 e50d 0000 ffff ffff 0000 0000 0000 0000 0000 3000 0000 0100 0000 4701 0000
	0900 0000 2600 2c02 0000 4e15 0000 ffff ffff 0000 0000 0000 0000 0000 0400 0000 0100 0000 4801 0000
	0900 0000 2600 5602 0000 4e15 0000 ffff ffff 0000 0000 0000 0000 0000 fe00 0000 0100 0000 4901 0000
	0900 0000 2600 9e00 0000 6e0b 0000 ffff ffff 0000 0000 0000 0000 0000 3d00 0000 0100 0000 4a01 0000
	0900 0000 2600 5602 0000 c412 0000 ffff ffff 0000 0000 0000 0000 0000 2800 0000 0100 0000 4b01 0000
	0900 0000 2600 ae00 0000 9e15 0000 ffff ffff 0000 0000 0000 0000 0000 7000 0000 0100 0000 4c01 0000
	0900 0000 2600 2901 0000 ad14 0000 ffff ffff 0000 0000 0000 0000 0000 0901 0000 0100 0000 4d01 0000
	0900 0000 2600 1701 0000 6e0b 0000 ffff ffff 0000 0000 0000 0000 0000 0300 0000 0100 0000 4e01 0000
	0900 0000 2600 a200 0000 cf0b 0000 ffff ffff 0000 0000 0000 0000 0000 1300 0000 0100 0000 4f01 0000
	0900 0000 2500 5600 0000 e305 0000 ffff ffff 0000 0000 0000 0000 0000 2001 0000 0100 0000 5001 0000
	0900 0000 2600 5602 0000 6b18 0000 ffff ffff 0000 0000 0000 0000 0000 2100 0000 0100 0000 5101 0000
	0900 0000 2600 ae00 0000 1828 0000 ffff ffff 0000 0000 0000 0000 0000 0d00 0000 0100 0000 5201 0000
	0900 0000 2600 3501 0000 e305 0000 ffff ffff 0000 0000 0000 0000 0000 d500 0000 0100 0000 5301 0000
	0900 0000 2500 af00 0000 ad14 0000 ffff ffff 0000 0000 0000 0000 0000 4100 0000 0100 0000 5401 0000
	0900 0000 2500 af00 0000 6b18 0000 ffff ffff 0000 0000 0000 0000 0000 1c00 0000 0100 0000 5501 0000
	0900 0000 2600 2801 0000 2f39 0000 ffff ffff 0000 0000 0000 0000 0000 0c01 0000 0100 0000 5601 0000
	0900 0000 2600 a200 0000 ad14 0000 ffff ffff 0000 0000 0000 0000 0000 3100 0000 0100 0000 5701 0000
	0900 0000 2600 a200 0000 7913 0000 ffff ffff 0000 0000 0000 0000 0000 0e00 0000 0100 0000 5801 0000
	0900 0000 2600 ac00 0000 0314 0000 ffff ffff 0000 0000 0000 0000 0000 2000 0000 0100 0000 5901 0000
	0900 0000 2500 b000 0000 4e15 0000 ffff ffff 0000 0000 0000 0000 0000 1300 0000 0100 0000 5a01 0000
	0900 0000 2500 5a00 0000 cf0b 0000 ffff ffff 0000 0000 0000 0000 0000 c200 0000 0100 0000 5b01 0000
	0900 0000 2500 af00 0000 2f39 0000 ffff ffff 0000 0000 0000 0000 0000 1b00 0000 0100 0000 5c01 0000
	0900 0000 2600 ae00 0000 0314 0000 ffff ffff 0000 0000 0000 0000 0000 1800 0000 0100 0000 5d01 0000
	0900 0000 2600 ad00 0000 0314 0000 ffff ffff 0000 0000 0000 0000 0000 1b00 0000 0100 0000 5e01 0000
	0900 0000 2600 5602 0000 0314 0000 ffff ffff 0000 0000 0000 0000 0000 1301 0000 0100 0000 5f01 0000
	0900 0000 2500 b000 0000 cf0b 0000 ffff ffff 0000 0000 0000 0000 0000 0500 0000 0100 0000 6001 0000
	0900 0000 2600 0e01 0000 0314 0000 ffff ffff 0000 0000 0000 0000 0000 0401 0000 0100 0000 6101 0000
	0900 0000 2600 a100 0000 1015 0000 ffff ffff 0000 0000 0000 0000 0000 1700 0000 0100 0000 6201 0000
	0900 0000 2500 ab00 0000 7913 0000 ffff ffff 0000 0000 0000 0000 0000 5700 0000 0100 0000 6301 0000
	0900 0000 2600 5302 0000 0314 0000 ffff ffff 0000 0000 0000 0000 0000 7800 0000 0100 0000 6401 0000
	0900 0000 2600 a300 0000 e50d 0000 ffff ffff 0000 0000 0000 0000 0000 1300 0000 0100 0000 6501 0000
	0900 0000 2500 5d00 0000 6e0b 0000 ffff ffff 0000 0000 0000 0000 0000 b800 0000 0100 0000 6601 0000
	0900 0000 2500 af00 0000 9e15 0000 ffff ffff 0000 0000 0000 0000 0000 8f00 0000 0100 0000 6701 0000
	0900 0000 2600 a100 0000 4e15 0000 ffff ffff 0000 0000 0000 0000 0000 2100 0000 0100 0000 6801 0000
	0900 0000 2600 2801 0000 9e15 0000 ffff ffff 0000 0000 0000 0000 0000 0401 0000 0100 0000 6901 0000
	0900 0000 2600 2d01 0000 ad14 0000 ffff ffff 0000 0000 0000 0000 0000 1c00 0000 0100 0000 6a01 0000
	0900 0000 2600 4a02 0000 6b18 0000 ffff ffff 0000 0000 0000 0000 0000 7900 0000 0100 0000 6b01 0000
	0900 0000 2600 1701 0000 7913 0000 ffff ffff 0000 0000 0000 0000 0000 fd00 0000 0100 0000 6c01 0000
	0900 0000 2600 ae00 0000 6b18 0000 ffff ffff 0000 0000 0000 0000 0000 1000 0000 0100 0000 6d01 0000
	0900 0000 2600 ad00 0000 6b18 0000 ffff ffff 0000 0000 0000 0000 0000 4000 0000 0100 0000 6f01 0000
	0900 0000 2600 5302 0000 6e0b 0000 ffff ffff 0000 0000 0000 0000 0000 0300 0000 0100 0000 7001 0000
	0900 0000 2600 a900 0000 6e0b 0000 ffff ffff 0000 0000 0000 0000 0000 0500 0000 0100 0000 7101 0000
	0900 0000 2600 2801 0000 ae0f 0000 ffff ffff 0000 0000 0000 0000 0000 cc00 0000 0100 0000 7201 0000
	0900 0000 2600 0d01 0000 0314 0000 ffff ffff 0000 0000 0000 0000 0000 5a00 0000 0100 0000 7301 0000
	0900 0000 2600 ae00 0000 7913 0000 ffff ffff 0000 0000 0000 0000 0000 c400 0000 0100 0000 7401 0000
	0900 0000 2600 1402 0000 e50d 0000 ffff ffff 0000 0000 0000 0000 0000 1d01 0000 0100 0000 7501 0000
	0900 0000 2500 b000 0000 6e0b 0000 ffff ffff 0000 0000 0000 0000 0000 8e00 0000 0100 0000 7601 0000
	0900 0000 2600 9d00 0000 7913 0000 ffff ffff 0000 0000 0000 0000 0000 1000 0000 0100 0000 7701 0000
	0900 0000 2600 a400 0000 0314 0000 ffff ffff 0000 0000 0000 0000 0000 1c00 0000 0100 0000 7801 0000
	0900 0000 2600 a900 0000 2f39 0000 ffff ffff 0000 0000 0000 0000 0000 7300 0000 0100 0000 7901 0000
	0900 0000 2600 2801 0000 cf0b 0000 ffff ffff 0000 0000 0000 0000 0000 1900 0000 0100 0000 7a01 0000
	0900 0000 2500 3100 0000 e305 0000 ffff ffff 0000 0000 0000 0000 0000 4200 0000 0100 0000 7b01 0000
	0900 0000 2500 ab00 0000 4e15 0000 ffff ffff 0000 0000 0000 0000 0000 8301 0000 0100 0000 7c01 0000
	0900 0000 2500 ab00 0000 c412 0000 ffff ffff 0000 0000 0000 0000 0000 c900 0000 0100 0000 7d01 0000
	0900 0000 2500 5d00 0000 6b18 0000 ffff ffff 0000 0000 0000 0000 0000 0201 0000 0100 0000 7e01 0000
	0900 0000 2600 9e00 0000 9e15 0000 ffff ffff 0000 0000 0000 0000 0000 1b00 0000 0100 0000 7f01 0000
	0900 0000 2600 5602 0000 ae0f 0000 ffff ffff 0000 0000 0000 0000 0000 0a00 0000 0100 0000 8001 0000
	0900 0000 2600 a900 0000 6e0b 0000 ffff ffff 0000 0000 0000 0000 0000 ed00 0000 0100 0000 8101 0000
	0900 0000 2600 aa00 0000 1828 0000 ffff ffff 0000 0000 0000 0000 0000 1a00 0000 0100 0000 8201 0000
	0900 0000 2600 4a02 0000 2f39 0000 ffff ffff 0000 0000 0000 0000 0000 5f00 0000 0100 0000 8301 0000
	0900 0000 2600 6502 0000 1828 0000 ffff ffff 0000 0000 0000 0000 0000 2200 0000 0100 0000 8401 0000
	0900 0000 2600 ac00 0000 7913 0000 ffff ffff 0000 0000 0000 0000 0000 1400 0000 0100 0000 8501 0000
	0900 0000 2600 2c02 0000 0314 0000 ffff ffff 0000 0000 0000 0000 0000 1600 0000 0100 0000 8601 0000
	0900 0000 2600 a200 0000 9e15 0000 ffff ffff 0000 0000 0000 0000 0000 5700 0000 0100 0000 8701 0000
	0900 0000 2500 ab00 0000 e50d 0000 ffff ffff 0000 0000 0000 0000 0000 1d00 0000 0100 0000 8801 0000
	0900 0000 2600 8902 0000 ad14 0000 ffff ffff 0000 0000 0000 0000 0000 6b00 0000 0100 0000 8901 0000
	0900 0000 2600 2602 0000 e50d 0000 ffff ffff 0000 0000 0000 0000 0000 ed00 0000 0100 0000 8a01 0000
	0900 0000 2500 a600 0000 0314 0000 ffff ffff 0000 0000 0000 0000 0000 8701 0000 0100 0000 8b01 0000
	0900 0000 2600 a200 0000 6e0b 0000 ffff ffff 0000 0000 0000 0000 0000 fb00 0000 0100 0000 8c01 0000
	0900 0000 2600 a500 0000 6e0b 0000 ffff ffff 0000 0000 0000 0000 0000 0800 0000 0100 0000 8d01 0000
	0900 0000 2600 1301 0000 4e15 0000 ffff ffff 0000 0000 0000 0000 0000 0e00 0000 0100 0000 8e01 0000
	0900 0000 2600 1402 0000 cf0b 0000 ffff ffff 0000 0000 0000 0000 0000 0a00 0000 0100 0000 8f01 0000
	0900 0000 2600 1101 0000 6b18 0000 ffff ffff 0000 0000 0000 0000 0000 0e00 0000 0100 0000 9001 0000
	0900 0000 2600 2701 0000 0314 0000 ffff ffff 0000 0000 0000 0000 0000 0b00 0000 0100 0000 9101 0000
	0900 0000 2600 2d01 0000 ad14 0000 ffff ffff 0000 0000 0000 0000 0000 3c00 0000 0100 0000 9201 0000
	0900 0000 2600 5302 0000 2f39 0000 ffff ffff 0000 0000 0000 0000 0000 1c00 0000 0100 0000 9301 0000
	0900 0000 2600 a200 0000 cf0b 0000 ffff ffff 0000 0000 0000 0000 0000 0700 0000 0100 0000 9401 0000
	0900 0000 2600 a200 0000 1828 0000 ffff ffff 0000 0000 0000 0000 0000 0800 0000 0100 0000 9501 0000
	0900 0000 2600 8902 0000 ad14 0000 ffff ffff 0000 0000 0000 0000 0000 1500 0000 0100 0000 9601 0000
	0900 0000 2600 1301 0000 ae0f 0000 ffff ffff 0000 0000 0000 0000 0000 7e00 0000 0100 0000 9701 0000
	0900 0000 2500 b100 0000 6b18 0000 ffff ffff 0000 0000 0000 0000 0000 3500 0000 0100 0000 9801 0000
	0900 0000 2500 a600 0000 0314 0000 ffff ffff 0000 0000 0000 0000 0000 2000 0000 0100 0000 9901 0000
	0900 0000 2600 ae00 0000 6e0b 0000 ffff ffff 0000 0000 0000 0000 0000 1b00 0000 0100 0000 9a01 0000
	0900 0000 2600 a200 0000 1828 0000 ffff ffff 0000 0000 0000 0000 0000 0300 0000 0100 0000 9b01 0000
	0900 0000 2600 a500 0000 6b18 0000 ffff ffff 0000 0000 0000 0000 0000 1b00 0000 0100 0000 9c01 0000
	0900 0000 2600 1101 0000 ad14 0000 ffff ffff 0000 0000 0000 0000 0000 2500 0000 0100 0000 9d01 0000
	0900 0000 2600 a900 0000 6e0b 0000 ffff ffff 0000 0000 0000 0000 0000 2a01 0000 0100 0000 9e01 0000
	0900 0000 2600 1402 0000 1015 0000 ffff ffff 0000 0000 0000 0000 0000 aa00 0000 0100 0000 9f01 0000
	0900 0000 2500 5d00 0000 9e15 0000 ffff ffff 0000 0000 0000 0000 0000 0c00 0000 0100 0000 a001 0000
	0900 0000 2600 f900 0000 9e15 0000 ffff ffff 0000 0000 0000 0000 0000 0c00 0000 0100 0000 a101 0000
	0900 0000 2600 a900 0000 ad14 0000 ffff ffff 0000 0000 0000 0000 0000 1e00 0000 0100 0000 a201 0000
	0900 0000 2500 af00 0000 7913 0000 ffff ffff 0000 0000 0000 0000 0000 ee00 0000 0100 0000 a301 0000
	0900 0000 2600 4a02 0000 2f39 0000 ffff ffff 0000 0000 0000 0000 0000 0e00 0000 0100 0000 a401 0000
	0900 0000 2600 ad00 0000 1015 0000 ffff ffff 0000 0000 0000 0000 0000 1c00 0000 0100 0000 a501 0000
	0900 0000 2600 1402 0000 2f39 0000 ffff ffff 0000 0000 0000 0000 0000 1800 0000 0100 0000 a601 0000
	0900 0000 2600 2c02 0000 7913 0000 ffff ffff 0000 0000 0000 0000 0000 7e01 0000 0100 0000 a701 0000
	0900 0000 2600 a100 0000 6e0b 0000 ffff ffff 0000 0000 0000 0000 0000 0800 0000 0100 0000 a801 0000
	0900 0000 2600 9d00 0000 4e15 0000 ffff ffff 0000 0000 0000 0000 0000 e800 0000 0100 0000 a901 0000
	0900 0000 2500 5a00 0000 4e15 0000 ffff ffff 0000 0000 0000 0000 0000 3c00 0000 0100 0000 aa01 0000
	0900 0000 2600 aa00 0000 2f39 0000 ffff ffff 0000 0000 0000 0000 0000 1100 0000 0100 0000 ab01 0000
	0900 0000 2600 4a02 0000 6e0b 0000 ffff ffff 0000 0000 0000 0000 0000 9500 0000 0100 0000 ac01 0000
	0900 0000 2600 ac00 0000 6e0b 0000 ffff ffff 0000 0000 0000 0000 0000 1800 0000 0100 0000 ad01 0000
	0900 0000 2600 8902 0000 2f39 0000 ffff ffff 0000 0000 0000 0000 0000 1200 0000 0100 0000 ae01 0000
	0900 0000 2600 a000 0000 9e15 0000 ffff ffff 0000 0000 0000 0000 0000 0100 0000 0100 0000 af01 0000
	0900 0000 2600 4a02 0000 6b18 0000 ffff ffff 0000 0000 0000 0000 0000 1700 0000 0100 0000 b001 0000
	0900 0000 2600 0f01 0000 0314 0000 ffff ffff 0000 0000 0000 0000 0000 c000 0000 0100 0000 b101 0000
	0900 0000 2600 6502 0000 6e0b 0000 ffff ffff 0000 0000 0000 0000 0000 0500 0000 0100 0000 b201 0000
	0900 0000 2600 6502 0000 cf0b 0000 ffff ffff 0000 0000 0000 0000 0000 0800 0000 0100 0000 b301 0000
	0900 0000 2600 a100 0000 ae0f 0000 ffff ffff 0000 0000 0000 0000 0000 e100 0000 0100 0000 b401 0000
	0900 0000 2600 0e01 0000 7913 0000 ffff ffff 0000 0000 0000 0000 0000 1a00 0000 0100 0000 b501 0000
	0900 0000 2600 9d00 0000 e50d 0000 ffff ffff 0000 0000 0000 0000 0000 2000 0000 0100 0000 b601 0000
	0900 0000 2600 1301 0000 cf0b 0000 ffff ffff 0000 0000 0000 0000 0000 0400 0000 0100 0000 b701 0000
	0900 0000 2600 f900 0000 c412 0000 ffff ffff 0000 0000 0000 0000 0000 2800 0000 0100 0000 b801 0000
	0900 0000 2600 ad00 0000 7913 0000 ffff ffff 0000 0000 0000 0000 0000 1200 0000 0100 0000 b901 0000
	0900 0000 2600 9d00 0000 1015 0000 ffff ffff 0000 0000 0000 0000 0000 1a00 0000 0100 0000 ba01 0000
	0900 0000 2600 a400 0000 0314 0000 ffff ffff 0000 0000 0000 0000 0000 0d00 0000 0100 0000 bb01 0000
	0900 0000 2500 af00 0000 7913 0000 ffff ffff 0000 0000 0000 0000 0000 5700 0000 0100 0000 bc01 0000
	0900 0000 2600 a500 0000 4e15 0000 ffff ffff 0000 0000 0000 0000 0000 1900 0000 0100 0000 bd01 0000
	0900 0000 2500 b000 0000 e50d 0000 ffff ffff 0000 0000 0000 0000 0000 2000 0000 0100 0000 be01 0000
	0900 0000 2600 2801 0000 7913 0000 ffff ffff 0000 0000 0000 0000 0000 1b00 0000 0100 0000 bf01 0000
	0900 0000 2600 2d01 0000 ae0f 0000 ffff ffff 0000 0000 0000 0000 0000 e100 0000 0100 0000 c001 0000
	0900 0000 2600 f900 0000 6e0b 0000 ffff ffff 0000 0000 0000 0000 0000 3401 0000 0100 0000 c101 0000
	0900 0000 2600 5302 0000 9e15 0000 ffff ffff 0000 0000 0000 0000 0000 1b00 0000 0100 0000 c201 0000
	0900 0000 2600 8302 0000 e305 0000 ffff ffff 0000 0000 0000 0000 0000 1600 0000 0100 0000 c301 0000
	0900 0000 2600 9f00 0000 1828 0000 ffff ffff 0000 0000 0000 0000 0000 9800 0000 0100 0000 c401 0000
	0900 0000 2500 a600 0000 7913 0000 ffff ffff 0000 0000 0000 0000 0000 1800 0000 0100 0000 c501 0000
	0900 0000 2600 a000 0000 6e0b 0000 ffff ffff 0000 0000 0000 0000 0000 2400 0000 0100 0000 c601 0000
	0900 0000 2600 2701 0000 9e15 0000 ffff ffff 0000 0000 0000 0000 0000 1e00 0000 0100 0000 c701 0000
	0900 0000 2500 a600 0000 1828 0000 ffff ffff 0000 0000 0000 0000 0000 8400 0000 0100 0000 c801 0000
	0900 0000 2600 1701 0000 7913 0000 ffff ffff 0000 0000 0000 0000 0000 0701 0000 0100 0000 c901 0000
	0900 0000 2600 a200 0000 7913 0000 ffff ffff 0000 0000 0000 0000 0000 1a00 0000 0100 0000 ca01 0000
	0900 0000 2600 ae00 0000 c412 0000 ffff ffff 0000 0000 0000 0000 0000 9b00 0000 0100 0000 cb01 0000
	0900 0000 2600 9d00 0000 2f39 0000 ffff ffff 0000 0000 0000 0000 0000 f900 0000 0100 0000 cc01 0000
	0900 0000 2500 ab00 0000 6b18 0000 ffff ffff 0000 0000 0000 0000 0000 1a00 0000 0100 0000 cd01 0000
	0900 0000 2600 0e01 0000 ad14 0000 ffff ffff 0000 0000 0000 0000 0000 3f00 0000 0100 0000 ce01 0000
	0900 0000 2600 ac00 0000 ad14 0000 ffff ffff 0000 0000 0000 0000 0000 1200 0000 0100 0000 cf01 0000
	0900 0000 2600 9d00 0000 9e15 0000 ffff ffff 0000 0000 0000 0000 0000 1500 0000 0100 0000 d001 0000
	0900 0000 2600 1301 0000 0314 0000 ffff ffff 0000 0000 0000 0000 0000 2600 0000 0100 0000 d101 0000
	0900 0000 2600 1101 0000 e305 0000 ffff ffff 0000 0000 0000 0000 0000 1c00 0000 0100 0000 d201 0000
	0900 0000 2600 0e01 0000 0314 0000 ffff ffff 0000 0000 0000 0000 0000 ad01 0000 0100 0000 d301 0000
	0900 0000 2600 4a02 0000 7913 0000 ffff ffff 0000 0000 0000 0000 0000 2400 0000 0100 0000 d401 0000
	0900 0000 2600 ac00 0000 ae0f 0000 ffff ffff 0000 0000 0000 0000 0000 1900 0000 0100 0000 d501 0000
	0900 0000 2600 2901 0000 cf0b 0000 ffff ffff 0000 0000 0000 0000 0000 0600 0000 0100 0000 d601 0000
	0900 0000 2600 1301 0000 4e15 0000 ffff ffff 0000 0000 0000 0000 0000 1c00 0000 0100 0000 d701 0000
	0900 0000 2600 1701 0000 9e15 0000 ffff ffff 0000 0000 0000 0000 0000 1400 0000 0100 0000 d801 0000
	0900 0000 2600 a300 0000 cf0b 0000 ffff ffff 0000 0000 0000 0000 0000 0400 0000 0100 0000 d901 0000
	0900 0000 2600 2d01 0000 1828 0000 ffff ffff 0000 0000 0000 0000 0000 0400 0000 0100 0000 da01 0000
	0900 0000 2600 a400 0000 1015 0000 ffff ffff 0000 0000 0000 0000 0000 1d00 0000 0100 0000 db01 0000
	0900 0000 2600 2801 0000 ae0f 0000 ffff ffff 0000 0000 0000 0000 0000 ee00 0000 0100 0000 dc01 0000
	0900 0000 2600 2d01 0000 7913 0000 ffff ffff 0000 0000 0000 0000 0000 1400 0000 0100 0000 dd01 0000
	0900 0000 2600 1301 0000 ad14 0000 ffff ffff 0000 0000 0000 0000 0000 1200 0000 0100 0000 de01 0000
	0900 0000 2600 a500 0000 2f39 0000 ffff ffff 0000 0000 0000 0000 0000 6800 0000 0100 0000 df01 0000
	0900 0000 2600 0f01 0000 1015 0000 ffff ffff 0000 0000 0000 0000 0000 7900 0000 0100 0000 e001 0000
	0900 0000 2500 5d00 0000 cf0b 0000 ffff ffff 0000 0000 0000 0000 0000 7000 0000 0100 0000 e101 0000
	0900 0000 2600 2c02 0000 ae0f 0000 ffff ffff 0000 0000 0000 0000 0000 2200 0000 0100 0000 e201 0000
	0900 0000 2600 1101 0000 9e15 0000 ffff ffff 0000 0000 0000 0000 0000 1a00 0000 0100 0000 e301 0000
	0900 0000 2600 2701 0000 c412 0000 ffff ffff 0000 0000 0000 0000 0000 6f00 0000 0100 0000 e401 0000
	0900 0000 2600 e501 0000 e305 0000 ffff ffff 0000 0000 0000 0000 0000 1c00 0000 0100 0000 e501 0000
	0900 0000 2600 1402 0000 1015 0000 ffff ffff 0000 0000 0000 0000 0000 0201 0000 0100 0000 e601 0000
	0900 0000 2600 2901 0000 1015 0000 ffff ffff 0000 0000 0000 0000 0000 8200 0000 0100 0000 e701 0000
	0900 0000 2600 8902 0000 ad14 0000 ffff ffff 0000 0000 0000 0000 0000 1f00 0000 0100 0000 e801 0000
	0900 0000 2600 a100 0000 cf0b 0000 ffff ffff 0000 0000 0000 0000 0000 0400 0000 0100 0000 e901 0000
	0900 0000 2600 f900 0000 6b18 0000 ffff ffff 0000 0000 0000 0000 0000 0f00 0000 0100 0000 ea01 0000
	0900 0000 2600 a000 0000 9e15 0000 ffff ffff 0000 0000 0000 0000 0000 1f00 0000 0100 0000 eb01 0000
	0900 0000 2600 4a02 0000 1828 0000 ffff ffff 0000 0000 0000 0000 0000 0300 0000 0100 0000 ec01 0000
	0900 0000 2600 ac00 0000 6e0b 0000 ffff ffff 0000 0000 0000 0000 0000 1d00 0000 0100 0000 ed01 0000
	0900 0000 2600 1701 0000 ae0f 0000 ffff ffff 0000 0000 0000 0000 0000 a700 0000 0100 0000 ee01 0000
	0900 0000 2600 a300 0000 4e15 0000 ffff ffff 0000 0000 0000 0000 0000 7200 0000 0100 0000 ef01 0000
	0900 0000 2500 af00 0000 9e15 0000 ffff ffff 0000 0000 0000 0000 0000 0e00 0000 0100 0000 f001 0000
	0900 0000 2600 1301 0000 6e0b 0000 ffff ffff 0000 0000 0000 0000 0000 0d00 0000 0100 0000 f101 0000
	0900 0000 2600 1701 0000 ae0f 0000 ffff ffff 0000 0000 0000 0000 0000 1b00 0000 0100 0000 f201 0000
	0900 0000 2600 ad00 0000 ad14 0000 ffff ffff 0000 0000 0000 0000 0000 1300 0000 0100 0000 f301 0000
	0900 0000 2500 b000 0000 9e15 0000 ffff ffff 0000 0000 0000 0000 0000 3600 0000 0100 0000 f401 0000
	0900 0000 2600 2c02 0000 c412 0000 ffff ffff 0000 0000 0000 0000 0000 1600 0000 0100 0000 f501 0000
	0900 0000 2600 0602 0000 e305 0000 ffff ffff 0000 0000 0000 0000 0000 0600 0000 0100 0000 f601 0000
	0900 0000 2600 a300 0000 1828 0000 ffff ffff 0000 0000 0000 0000 0000 0200 0000 0100 0000 f701 0000
	0900 0000 2600 a200 0000 7913 0000 ffff ffff 0000 0000 0000 0000 0000 2a00 0000 0100 0000 f801 0000
	0900 0000 2600 ae00 0000 cf0b 0000 ffff ffff 0000 0000 0000 0000 0000 8400 0000 0100 0000 f901 0000
	0900 0000 2600 1101 0000 ad14 0000 ffff ffff 0000 0000 0000 0000 0000 3100 0000 0100 0000 fa01 0000
	0900 0000 2600 4a02 0000 9e15 0000 ffff ffff 0000 0000 0000 0000 0000 5f01 0000 0100 0000 fb01 0000
	0900 0000 2500 a600 0000 e50d 0000 ffff ffff 0000 0000 0000 0000 0000 1d00 0000 0100 0000 fc01 0000
	0900 0000 2600 1301 0000 ae0f 0000 ffff ffff 0000 0000 0000 0000 0000 0e00 0000 0100 0000 fd01 0000
	0900 0000 2600 a300 0000 7913 0000 ffff ffff 0000 0000 0000 0000 0000 b200 0000 0100 0000 fe01 0000
	0900 0000 2500 5d00 0000 1015 0000 ffff ffff 0000 0000 0000 0000 0000 1300 0000 0100 0000 ff01 0000
	0900 0000 2500 ab00 0000 2f39 0000 ffff ffff 0000 0000 0000 0000 0000 1500 0000 0100 0000 0002 0000
	0900 0000 2500 5d00 0000 7913 0000 ffff ffff 0000 0000 0000 0000 0000 1201 0000 0100 0000 0102 0000
	0900 0000 2600 aa00 0000 1828 0000 ffff ffff 0000 0000 0000 0000 0000 0b00 0000 0100 0000 0202 0000
	0900 0000 2600 a000 0000 4e15 0000 ffff ffff 0000 0000 0000 0000 0000 0400 0000 0100 0000 0302 0000
	0900 0000 2600 4a02 0000 1828 0000 ffff ffff 0000 0000 0000 0000 0000 0300 0000 0100 0000 0402 0000
	0900 0000 2600 1101 0000 ad14 0000 ffff ffff 0000 0000 0000 0000 0000 2300 0000 0100 0000 0502 0000
	0900 0000 2600 9f00 0000 ad14 0000 ffff ffff 0000 0000 0000 0000 0000 6000 0000 0100 0000 0602 0000
	0900 0000 2500 5a00 0000 1828 0000 ffff ffff 0000 0000 0000 0000 0000 5700 0000 0100 0000 0702 0000
	0900 0000 2500 a600 0000 2f39 0000 ffff ffff 0000 0000 0000 0000 0000 4f00 0000 0100 0000 0802 0000
	0900 0000 2600 9e00 0000 9e15 0000 ffff ffff 0000 0000 0000 0000 0000 f400 0000 0100 0000 0902 0000
	0900 0000 2500 af00 0000 1828 0000 ffff ffff 0000 0000 0000 0000 0000 0a00 0000 0100 0000 0a02 0000
	0900 0000 2600 a200 0000 7913 0000 ffff ffff 0000 0000 0000 0000 0000 2900 0000 0100 0000 0b02 0000
	0900 0000 2500 b100 0000 ad14 0000 ffff ffff 0000 0000 0000 0000 0000 1600 0000 0100 0000 0c02 0000
	0900 0000 2600 0e01 0000 ad14 0000 ffff ffff 0000 0000 0000 0000 0000 0d00 0000 0100 0000 0d02 0000
	0900 0000 2600 a300 0000 e50d 0000 ffff ffff 0000 0000 0000 0000 0000 1b00 0000 0100 0000 0e02 0000
	0900 0000 2500 b000 0000 2f39 0000 ffff ffff 0000 0000 0000 0000 0000 1a00 0000 0100 0000 0f02 0000
	0900 0000 2600 a400 0000 0314 0000 ffff ffff 0000 0000 0000 0000 0000 1600 0000 0100 0000 1002 0000
	0900 0000 2600 ad00 0000 cf0b 0000 ffff ffff 0000 0000 0000 0000 0000 0500 0000 0100 0000 1102 0000
	0900 0000 2500 ab00 0000 ad14 0000 ffff ffff 0000 0000 0000 0000 0000 5500 0000 0100 0000 1202 0000
	0900 0000 2500 af00 0000 9e15 0000 ffff ffff 0000 0000 0000 0000 0000 1900 0000 0100 0000 1302 0000
	0900 0000 2600 1402 0000 0314 0000 ffff ffff 0000 0000 0000 0000 0000 1b00 0000 0100 0000 1402 0000
	0900 0000 2500 af00 0000 7913 0000 ffff ffff 0000 0000 0000 0000 0000 8500 0000 0100 0000 1502 0000
	0900 0000 2600 0d01 0000 4e15 0000 ffff ffff 0000 0000 0000 0000 0000 5100 0000 0100 0000 1602 0000
	0900 0000 2600 0e01 0000 7913 0000 ffff ffff 0000 0000 0000 0000 0000 2400 0000 0100 0000 1702 0000
	0900 0000 2600 2c02 0000 2f39 0000 ffff ffff 0000 0000 0000 0000 0000 0c00 0000 0100 0000 1802 0000
	0900 0000 2600 1701 0000 c412 0000 ffff ffff 0000 0000 0000 0000 0000 1100 0000 0100 0000 1902 0000
	0900 0000 2500 a600 0000 6b18 0000 ffff ffff 0000 0000 0000 0000 0000 e200 0000 0100 0000 1a02 0000
	0900 0000 2600 ae00 0000 6e0b 0000 ffff ffff 0000 0000 0000 0000 0000 1000 0000 0100 0000 1b02 0000
	0900 0000 2600 a400 0000 ad14 0000 ffff ffff 0000 0000 0000 0000 0000 0f00 0000 0100 0000 1c02 0000
	0900 0000 2500 0f00 0000 e50d 0000 ffff ffff 0000 0000 0000 0000 0000 1800 0000 0100 0000 1d02 0000
	0900 0000 2600 a500 0000 1015 0000 ffff ffff 0000 0000 0000 0000 0000 1700 0000 0100 0000 1e02 0000
	0900 0000 2500 5a00 0000 ad14 0000 ffff ffff 0000 0000 0000 0000 0000 2300 0000 0100 0000 1f02 0000
	0900 0000 2600 9d00 0000 cf0b 0000 ffff ffff 0000 0000 0000 0000 0000 2100 0000 0100 0000 2002 0000
	0900 0000 2600 a300 0000 ad14 0000 ffff ffff 0000 0000 0000 0000 0000 a700 0000 0100 0000 2102 0000
	0900 0000 2600 0f01 0000 ae0f 0000 ffff ffff 0000 0000 0000 0000 0000 2601 0000 0100 0000 2202 0000
	0900 0000 2600 0e01 0000 cf0b 0000 ffff ffff 0000 0000 0000 0000 0000 5900 0000 0100 0000 2302 0000
	0900 0000 2600 0f01 0000 c412 0000 ffff ffff 0000 0000 0000 0000 0000 d000 0000 0100 0000 2402 0000
	0900 0000 2500 ab00 0000 6b18 0000 ffff ffff 0000 0000 0000 0000 0000 0700 0000 0100 0000 2502 0000
	0900 0000 2600 2701 0000 c412 0000 ffff ffff 0000 0000 0000 0000 0000 7100 0000 0100 0000 2602 0000
	0900 0000 2600 a200 0000 cf0b 0000 ffff ffff 0000 0000 0000 0000 0000 0300 0000 0100 0000 2702 0000
	0900 0000 2500 ab00 0000 cf0b 0000 ffff ffff 0000 0000 0000 0000 0000 0500 0000 0100 0000 2802 0000
	0900 0000 2600 fb00 0000 e50d 0000 ffff ffff 0000 0000 0000 0000 0000 8800 0000 0100 0000 2902 0000
	0900 0000 2500 3700 0000 e305 0000 ffff ffff 0000 0000 0000 0000 0000 2600 0000 0100 0000 2a02 0000
	0900 0000 2600 0f01 0000 4e15 0000 ffff ffff 0000 0000 0000 0000 0000 df00 0000 0100 0000 2b02 0000
	0900 0000 2600 1402 0000 ad14 0000 ffff ffff 0000 0000 0000 0000 0000 3901 0000 0100 0000 2c02 0000
	0900 0000 2600 2801 0000 c412 0000 ffff ffff 0000 0000 0000 0000 0000 3c00 0000 0100 0000 2d02 0000
	0900 0000 2600 f900 0000 cf0b 0000 ffff ffff 0000 0000 0000 0000 0000 7000 0000 0100 0000 2e02 0000
	0900 0000 2600 8902 0000 ae0f 0000 ffff ffff 0000 0000 0000 0000 0000 1900 0000 0100 0000 2f02 0000
	0900 0000 2500 6e03 0000 e305 0000 ffff ffff 0000 0000 0000 0000 0000 e600 0000 0100 0000 3002 0000
	0900 0000 2600 ae00 0000 ad14 0000 ffff ffff 0000 0000 0000 0000 0000 0f00 0000 0100 0000 3102 0000
	0900 0000 2600 0d01 0000 ad14 0000 ffff ffff 0000 0000 0000 0000 0000 1400 0000 0100 0000 3202 0000
	0900 0000 2600 5602 0000 ae0f 0000 ffff ffff 0000 0000 0000 0000 0000 0200 0000 0100 0000 3302 0000
	0900 0000 2600 5302 0000 ad14 0000 ffff ffff 0000 0000 0000 0000 0000 1500 0000 0100 0000 3402 0000
	0900 0000 2600 ab01 0000 e305 0000 ffff ffff 0000 0000 0000 0000 0000 0500 0000 0100 0000 3502 0000
	0900 0000 2600 f900 0000 1828 0000 ffff ffff 0000 0000 0000 0000 0000 1b00 0000 0100 0000 3602 0000
	0900 0000 2600 aa00 0000 c412 0000 ffff ffff 0000 0000 0000 0000 0000 f000 0000 0100 0000 3702 0000
	0900 0000 2600 ae00 0000 0314 0000 ffff ffff 0000 0000 0000 0000 0000 2d00 0000 0100 0000 3802 0000
	0900 0000 2600 a000 0000 6b18 0000 ffff ffff 0000 0000 0000 0000 0000 1700 0000 0100 0000 3902 0000
	0900 0000 2600 a200 0000 1828 0000 ffff ffff 0000 0000 0000 0000 0000 6400 0000 0100 0000 3a02 0000
	0900 0000 2500 5a00 0000 ae0f 0000 ffff ffff 0000 0000 0000 0000 0000 1600 0000 0100 0000 3b02 0000
	0900 0000 2600 ac00 0000 6b18 0000 ffff ffff 0000 0000 0000 0000 0000 1000 0000 0100 0000 3c02 0000
	0900 0000 2600 6502 0000 4e15 0000 ffff ffff 0000 0000 0000 0000 0000 f000 0000 0100 0000 3d02 0000
	0900 0000 2600 a200 0000 e50d 0000 ffff ffff 0000 0000 0000 0000 0000 4f00 0000 0100 0000 3e02 0000
	0900 0000 2600 a900 0000 0314 0000 ffff ffff 0000 0000 0000 0000 0000 7300 0000 0100 0000 3f02 0000
	0900 0000 2600 f900 0000 c412 0000 ffff ffff 0000 0000 0000 0000 0000 0300 0000 0100 0000 4002 0000
	0900 0000 2600 5302 0000 6b18 0000 ffff ffff 0000 0000 0000 0000 0000 0d00 0000 0100 0000 4102 0000
	0900 0000 2600 1701 0000 9e15 0000 ffff ffff 0000 0000 0000 0000 0000 1900 0000 0100 0000 4202 0000
	0900 0000 2600 2801 0000 ae0f 0000 ffff ffff 0000 0000 0000 0000 0000 0100 0000 0100 0000 4302 0000
	0900 0000 2600 2c02 0000 1828 0000 ffff ffff 0000 0000 0000 0000 0000 fa00 0000 0100 0000 4402 0000
	0900 0000 2500 a600 0000 9e15 0000 ffff ffff 0000 0000 0000 0000 0000 f400 0000 0100 0000 4502 0000
	0900 0000 2500 5a00 0000 2f39 0000 ffff ffff 0000 0000 0000 0000 0000 2700 0000 0100 0000 4602 0000
	0900 0000 2600 2d01 0000 ad14 0000 ffff ffff 0000 0000 0000 0000 0000 1600 0000 0100 0000 4702 0000
	0900 0000 2600 aa00 0000 9e15 0000 ffff ffff 0000 0000 0000 0000 0000 1900 0000 0100 0000 4802 0000
	0900 0000 2600 1301 0000 6e0b 0000 ffff ffff 0000 0000 0000 0000 0000 8900 0000 0100 0000 4902 0000
	0900 0000 2600 f900 0000 cf0b 0000 ffff ffff 0000 0000 0000 0000 0000 0c00 0000 0100 0000 4a02 0000
	0900 0000 2600 2901 0000 1828 0000 ffff ffff 0000 0000 0000 0000 0000 0200 0000 0100 0000 4b02 0000
	0900 0000 2600 5e03 0000 e305 0000 ffff ffff 0000 0000 0000 0000 0000 5e00 0000 0100 0000 4c02 0000
	0900 0000 2600 1101 0000 ad14 0000 ffff ffff 0000 0000 0000 0000 0000 6200 0000 0100 0000 4d02 0000
	0900 0000 2600 6502 0000 cf0b 0000 ffff ffff 0000 0000 0000 0000 0000 2200 0000 0100 0000 4e02 0000
	0900 0000 2600 0f01 0000 1015 0000 ffff ffff 0000 0000 0000 0000 0000 8f01 0000 0100 0000 4f02 0000
	0900 0000 2600 2701 0000 cf0b 0000 ffff ffff 0000 0000 0000 0000 0000 8e00 0000 0100 0000 5002 0000
	0900 0000 2500 3f00 0000 e305 0000 ffff ffff 0000 0000 0000 0000 0000 1700 0000 0100 0000 5102 0000
	0900 0000 2600 2901 0000 1828 0000 ffff ffff 0000 0000 0000 0000 0000 0200 0000 0100 0000 5202 0000
	0900 0000 2600 a900 0000 1828 0000 ffff ffff 0000 0000 0000 0000 0000 0500 0000 0100 0000 5302 0000
	0900 0000 2600 0f01 0000 cf0b 0000 ffff ffff 0000 0000 0000 0000 0000 0100 0000 0100 0000 5402 0000
	0900 0000 2600 f900 0000 e50d 0000 ffff ffff 0000 0000 0000 0000 0000 1d00 0000 0100 0000 5502 0000
	0900 0000 2600 1301 0000 6e0b 0000 ffff ffff 0000 0000 0000 0000 0000 e700 0000 0100 0000 5602 0000
	0900 0000 2600 0e01 0000 ae0f 0000 ffff ffff 0000 0000 0000 0000 0000 2000 0000 0100 0000 5702 0000
	0900 0000 2600 2901 0000 1828 0000 ffff ffff 0000 0000 0000 0000 0000 0400 0000 0100 0000 5802 0000
	0900 0000 2600 ad00 0000 4e15 0000 ffff ffff 0000 0000 0000 0000 0000 4c00 0000 0100 0000 5902 0000
	0900 0000 2500 ab00 0000 7913 0000 ffff ffff 0000 0000 0000 0000 0000 6e00 0000 0100 0000 5a02 0000
	0900 0000 2600 ad00 0000 6b18 0000 ffff ffff 0000 0000 0000 0000 0000 0300 0000 0100 0000 5b02 0000
	0900 0000 2500 ab00 0000 ae0f 0000 ffff ffff 0000 0000 0000 0000 0000 0100 0000 0100 0000 5c02 0000
	0900 0000 2500 ab00 0000 2f39 0000 ffff ffff 0000 0000 0000 0000 0000 1800 0000 0100 0000 5d02 0000
	0900 0000 2600 0e01 0000 6e0b 0000 ffff ffff 0000 0000 0000 0000 0000 1a00 0000 0100 0000 5e02 0000
	0900 0000 2600 a400 0000 e50d 0000 ffff ffff 0000 0000 0000 0000 0000 f800 0000 0100 0000 5f02 0000
	0900 0000 2600 4a02 0000 ad14 0000 ffff ffff 0000 0000 0000 0000 0000 7800 0000 0100 0000 6002 0000
	0900 0000 2500 a600 0000 e50d 0000 ffff ffff 0000 0000 0000 0000 0000 1800 0000 0100 0000 6102 0000
	0900 0000 2600 1701 0000 1828 0000 ffff ffff 0000 0000 0000 0000 0000 0200 0000 0100 0000 6202 0000
	0900 0000 2600 f900 0000 0314 0000 ffff ffff 0000 0000 0000 0000 0000 1700 0000 0100 0000 6302 0000
	0900 0000 2600 9d00 0000 1828 0000 ffff ffff 0000 0000 0000 0000 0000 0500 0000 0100 0000 6402 0000
	0900 0000 2600 2901 0000 cf0b 0000 ffff ffff 0000 0000 0000 0000 0000 0800 0000 0100 0000 6502 0000
	0900 0000 2500 af00 0000 6e0b 0000 ffff ffff 0000 0000 0000 0000 0000 9200 0000 0100 0000 6602 0000
	0900 0000 2600 2302 0000 e50d 0000 ffff ffff 0000 0000 0000 0000 0000 2500 0000 0100 0000 6702 0000

a string. (H)

if A & 0x800
	six bytes

